Accuracy: 0.8266530508041868
F1 Score: 0.8284210220496866
Loss: 1.5250955820083618