Accuracy: 0.9373333333333334
F1 Score: 0.9390637715548971
Loss: 0.4268195927143097